v3.0 hex words addressed
00: 4650 0024 c652 1022 0e52 8022 0002 0002 4650 0024 c652 1022 0e52 8022 0002 0002
10: 4650 0024 c652 1022 0d02 828a 0002 0002 4650 0024 c652 1022 0d02 828a 0002 0002
20: 4650 0024 8002 0002 0002 0002 0002 0002 4650 0024 8002 0002 0002 0002 0002 0002
30: 4650 0024 c652 1022 0d02 828a 0002 0002 4650 0024 c652 1022 0d02 828a 0002 0002
40: 4650 0024 c652 1022 0e52 8022 0002 0002 4650 0024 c652 1022 0e52 8022 0002 0002
50: 4650 0024 c652 1022 2802 0002 0002 0002 4650 0024 c652 1022 2802 0002 0002 0002
60: 4650 0024 8002 0002 0002 0002 0002 0002 4650 0024 c652 1022 2802 0002 0002 0002
70: 4650 0024 0002 0002 0002 0002 0002 0002 4650 0024 0002 0002 0002 0002 0002 0002
80: 4650 0024 8002 0002 0003 0002 0002 0002 4650 0024 8002 0002 0003 0002 0002 0002
90: 4650 0024 8002 0002 0003 0002 0002 0002 4650 0024 8002 0002 0003 0002 0002 0002
a0: 4650 0024 8002 0002 0003 0002 0002 0002 4650 0024 8002 0002 0003 0002 0002 0002
b0: 4650 0024 8002 0002 0003 0002 0002 0002 4650 0024 8002 0002 0003 0002 0002 0002
c0: 4650 0024 8002 0002 0003 0002 0002 0002 4650 0024 8002 0002 0003 0002 0002 0002
d0: 4650 0024 8002 0002 0003 0002 0002 0002 4650 0024 8002 0002 0003 0002 0002 0002
e0: 4650 0024 8002 0002 0003 0002 0002 0002 4650 0024 8002 0002 0003 0002 0002 0002
f0: 4650 0024 8002 0002 0003 0002 0002 0002 4650 0024 8002 0002 0003 0002 0002 0002
